code station,code station,code station,Taille du support (nb pixels),code station + n° de galet,coordonnées point départ galet,coordonnées point départ galet,Aire,Périmètre,Aire de l’enveloppe convexe,Périmètre de l’enveloppe convexe,R (+ grand rayon inscrit),l (axe a),L (axe b),e (élongation : b/a),polyg (nb de côtés),,Compacité,Circularité,Convexity Ps/Pch,Convexity As/Ach,moyK,eK,varK,"Wadell (1,5)","Cailleux (1,5)",Dervin (84),Pg/pe
,,,,,,,As,Ps,Ach,Pch,R,a,b, e = b/a,,,,Ps/(2*racine(As*Pi),Ps/Pch,As/Ach,,,,Rw,,rD,rP
Computing\000_0573.JPG,Computing\000_0573-B.jpg,Computing\000_0573-R.jpg,1130.81,Computing\000_0573-g0.jpg,(352,1244),348,11544.5,384.614,11684.5,386.369,56.6039,131.59,116.673,0.886636,5,0.980695,1.00979,1.00456,0.988018,5.94139,38.9634,3.66327,0.831173,524.954,0.900418,0.993925
Computing\000_0573.JPG,Computing\000_0573-B.jpg,Computing\000_0573-R.jpg,1130.81,Computing\000_0573-g1.jpg,(1033,1240),421,13738.5,451.237,13942.5,452.102,48.5077,179.101,97.1565,0.542469,6,0.84789,1.086,1.00192,0.985368,5.12693,45.7822,19.4968,0.755529,222.562,0.866485,0.991468
Computing\000_0573.JPG,Computing\000_0573-B.jpg,Computing\000_0573-R.jpg,1130.81,Computing\000_0573-g2.jpg,(228,1227),352,11197.5,389.641,11384,390.224,53.6004,137.644,108.673,0.789519,5,0.926834,1.03872,1.0015,0.983617,5.16787,43.959,17.2521,0.652711,240.753,0.872874,0.976648
Computing\000_0573.JPG,Computing\000_0573-B.jpg,Computing\000_0573-R.jpg,1130.81,Computing\000_0573-g3.jpg,(893,1226),404,14591.5,439.573,14786.5,441.37,59.203,156.605,118.605,0.757356,5,0.948959,1.02654,1.00409,0.986812,5.55624,41.2163,10.3445,0.758639,350.763,0.896045,0.988272
Computing\000_0573.JPG,Computing\000_0573-B.jpg,Computing\000_0573-R.jpg,1130.81,Computing\000_0573-g4.jpg,(499,1226),346,8982,378.801,9301,370.137,42.0119,137.615,91.5117,0.664981,5,0.786611,1.12751,0.977128,0.965703,7.15269,308.51,257.349,0.502887,82.8523,0.813685,0.933377
Computing\000_0573.JPG,Computing\000_0573-B.jpg,Computing\000_0573-R.jpg,1130.81,Computing\000_0573-g5.jpg,(750,1217),376,11988.5,403.192,12160,404.778,50,148.973,99,0.664549,5,0.926724,1.03878,1.00393,0.985896,5.47279,40.8375,10.8861,0.777533,322.852,0.948345,0.99231
Computing\000_0573.JPG,Computing\000_0573-B.jpg,Computing\000_0573-R.jpg,1130.81,Computing\000_0573-g6.jpg,(616,1217),383,11891.5,408.084,12074.5,409.53,47.8539,156.895,95.3478,0.607717,5,0.897319,1.05567,1.00354,0.984844,5.24049,42.3047,14.842,0.746291,305.565,0.947964,0.990575
Computing\000_0573.JPG,Computing\000_0573-B.jpg,Computing\000_0573-R.jpg,1130.81,Computing\000_0573-g7.jpg,(139,1129),271,6434.5,290.886,6564.5,292.053,42.2966,99.0202,85,0.858411,5,0.955606,1.02296,1.00401,0.980197,5.0606,31.5786,5.96898,0.795466,421.31,0.885896,0.982729
Computing\000_0573.JPG,Computing\000_0573-B.jpg,Computing\000_0573-R.jpg,1130.81,Computing\000_0573-g8.jpg,(378,1102),287,7697.5,314.639,7819,316.081,46.8402,105.119,96.5816,0.918784,5,0.977088,1.01166,1.00458,0.984461,5.89082,37.9526,3.25083,0.856776,623.926,0.953518,0.992349
Computing\000_0573.JPG,Computing\000_0573-B.jpg,Computing\000_0573-R.jpg,1130.81,Computing\000_0573-g9.jpg,(1119,1098),336,9940,362.469,10095,364.021,52,125.363,106.88,0.852557,5,0.950725,1.02559,1.00428,0.984646,5.3102,39.834,11.6358,0.715057,371.173,0.922022,0.979726
Computing\000_0573.JPG,Computing\000_0573-B.jpg,Computing\000_0573-R.jpg,1130.81,Computing\000_0573-g10.jpg,(651,1092),269,6505.5,300.371,6647.5,301.632,37.3363,114.586,74.627,0.651273,5,0.906098,1.05054,1.0042,0.978639,5.74182,51.8174,18.8488,0.740624,221.979,0.88607,0.987389
Computing\000_0573.JPG,Computing\000_0573-B.jpg,Computing\000_0573-R.jpg,1130.81,Computing\000_0573-g11.jpg,(745,1086),299,7920.5,321.44,8059,323.322,44.5982,109.932,89.9074,0.817847,5,0.963302,1.01887,1.00586,0.982814,5.42326,35.0354,5.62373,0.830553,349.988,0.957856,0.990532
Computing\000_0573.JPG,Computing\000_0573-B.jpg,Computing\000_0573-R.jpg,1130.81,Computing\000_0573-g12.jpg,(964,1084),314,9530,350.433,9680.5,352.194,51.7397,120.814,105.332,0.871849,5,0.975201,1.01264,1.00503,0.984453,5.97324,39.1274,3.44773,0.825774,542.003,0.959716,0.994801
Computing\000_0573.JPG,Computing\000_0573-B.jpg,Computing\000_0573-R.jpg,1130.81,Computing\000_0573-g13.jpg,(841,1084),282,6384.5,303.058,6531,304.389,35.4401,120.569,71.1512,0.590127,4,0.873544,1.06994,1.00439,0.977569,5.13614,43.2698,16.8899,0.724505,220.855,0.891023,0.982937
Computing\000_0573.JPG,Computing\000_0573-B.jpg,Computing\000_0573-R.jpg,1130.81,Computing\000_0573-g14.jpg,(240,1084),265,5930,283.886,6048.5,285.182,36.1248,99.1817,75.7278,0.763526,4,0.924648,1.03995,1.00456,0.980408,5.19888,40.06,13.0316,0.774916,381.821,0.947533,0.978854
Computing\000_0573.JPG,Computing\000_0573-B.jpg,Computing\000_0573-R.jpg,1130.81,Computing\000_0573-g15.jpg,(522,1065),311,8287.5,340.933,8571.5,339.528,44.7214,116.932,99.675,0.852421,5,0.895975,1.05646,0.99588,0.966867,5.29592,60.387,32.3403,0.671775,244.386,0.889309,0.959443
Computing\000_0573.JPG,Computing\000_0573-B.jpg,Computing\000_0573-R.jpg,1130.81,Computing\000_0573-g16.jpg,(439,987),310,8509,341.762,8658.5,343.205,45.7056,120.42,98.6338,0.819081,5,0.915462,1.04515,1.00422,0.982734,5.52603,47.5984,17.0615,0.72281,332.385,0.839526,0.973377
Computing\000_0573.JPG,Computing\000_0573-B.jpg,Computing\000_0573-R.jpg,1130.81,Computing\000_0573-g17.jpg,(617,978),233,5089,260.789,5189.5,262.166,35.609,92.4554,71.4178,0.772457,4,0.940296,1.03126,1.00528,0.980634,5.50969,37.8284,7.47178,0.821156,398.395,0.92662,0.987918
Computing\000_0573.JPG,Computing\000_0573-B.jpg,Computing\000_0573-R.jpg,1130.81,Computing\000_0573-g18.jpg,(190,976),325,9755,368.804,9884,370.066,44.5533,143.122,88.3059,0.616996,5,0.901253,1.05336,1.00342,0.986949,5.86594,47.2214,12.812,0.775278,266.823,0.859083,0.989675
Computing\000_0573.JPG,Computing\000_0573-B.jpg,Computing\000_0573-R.jpg,1130.81,Computing\000_0573-g19.jpg,(875,966),259,6066.5,285.03,6182.5,286.275,39,104.139,78.0965,0.749923,5,0.938356,1.03232,1.00437,0.981237,5.83764,42.2549,8.17686,0.743912,409.158,0.888621,0.988497
Computing\000_0573.JPG,Computing\000_0573-B.jpg,Computing\000_0573-R.jpg,1130.81,Computing\000_0573-g20.jpg,(973,960),295,7481.5,322.691,7681,323.639,40.2244,116.966,82.2196,0.702937,4,0.902869,1.05242,1.00294,0.974027,5.61314,46.8272,15.3199,0.684712,316.561,0.819368,0.979469
Computing\000_0573.JPG,Computing\000_0573-B.jpg,Computing\000_0573-R.jpg,1130.81,Computing\000_0573-g21.jpg,(1099,946),344,10480,379.698,10705.5,380.4,50.2195,127.816,111.689,0.873824,5,0.913471,1.04629,1.00185,0.978936,5.53592,50.7365,20.0901,0.715588,342.035,0.874063,0.968005
Computing\000_0573.JPG,Computing\000_0573-B.jpg,Computing\000_0573-R.jpg,1130.81,Computing\000_0573-g22.jpg,(722,942),304,8001.5,330.338,8193,327.872,46.5725,110.635,100,0.903877,5,0.921433,1.04176,0.992534,0.976626,4.52591,52.1232,31.6393,0.775697,157.713,0.93531,0.96457
Computing\000_0573.JPG,Computing\000_0573-B.jpg,Computing\000_0573-R.jpg,1130.81,Computing\000_0573-g23.jpg,(314,921),288,7590.5,318.119,7717.5,319.334,42.4382,117.201,85.4238,0.728868,5,0.942541,1.03003,1.00382,0.983544,5.76163,43.8114,10.6151,0.73431,351.085,0.915184,0.99155
Computing\000_0573.JPG,Computing\000_0573-B.jpg,Computing\000_0573-R.jpg,1130.81,Computing\000_0573-g24.jpg,(996,877),240,5011.5,264.943,5120.5,266.726,35,94.8947,72.8288,0.767469,5,0.897167,1.05576,1.00673,0.978713,5.22625,44.976,17.6622,0.699704,302.112,0.835044,0.973667
Computing\000_0573.JPG,Computing\000_0573-B.jpg,Computing\000_0573-R.jpg,1130.81,Computing\000_0573-g25.jpg,(505,876),349,10799,377.082,10964.5,378.933,50,130.511,100.41,0.769361,6,0.954381,1.02362,1.00491,0.984906,5.66149,39.3183,7.26587,0.834806,422.65,0.963894,0.992183
Computing\000_0573.JPG,Computing\000_0573-B.jpg,Computing\000_0573-R.jpg,1130.81,Computing\000_0573-g26.jpg,(611,844),233,4510.5,252.251,4599,253.858,30,97.8621,59,0.602889,5,0.890779,1.05953,1.00637,0.980757,5.63091,44.0082,12.3011,0.796723,351.364,0.919553,0.991657
Computing\000_0573.JPG,Computing\000_0573-B.jpg,Computing\000_0573-R.jpg,1130.81,Computing\000_0573-g27.jpg,(841,836),330,10080,369.443,10306.5,369.554,49.98,124.535,110.495,0.887258,6,0.928057,1.03804,1.0003,0.978024,5.20256,44.2659,17.1993,0.727698,363.709,0.902308,0.971563
Computing\000_0573.JPG,Computing\000_0573-B.jpg,Computing\000_0573-R.jpg,1130.81,Computing\000_0573-g28.jpg,(140,831),405,13112,447.958,13978.5,443.077,51.8556,157.003,124.082,0.790318,6,0.821117,1.10356,0.989104,0.938012,5.42238,75.393,45.9908,0.677402,287.461,0.761108,0.927105
Computing\000_0573.JPG,Computing\000_0573-B.jpg,Computing\000_0573-R.jpg,1130.81,Computing\000_0573-g29.jpg,(1075,828),286,7576,313.302,7692,315.052,44.5533,109.481,90,0.822064,5,0.969891,1.0154,1.00559,0.984919,5.75186,36.6928,3.60894,0.89571,509.213,0.963341,0.993779
Computing\000_0573.JPG,Computing\000_0573-B.jpg,Computing\000_0573-R.jpg,1130.81,Computing\000_0573-g30.jpg,(437,808),275,6392.5,307.693,6631.5,307.935,35.171,116.108,75.0462,0.64635,5,0.848486,1.08562,1.00079,0.96396,5.24925,51.5029,23.9482,0.735538,334.18,0.824481,0.965314
Computing\000_0573.JPG,Computing\000_0573-B.jpg,Computing\000_0573-R.jpg,1130.81,Computing\000_0573-g31.jpg,(263,778),273,6375.5,293.133,6477,294.521,37.4833,105.119,75.1723,0.715117,5,0.932386,1.03562,1.00474,0.984329,5.12173,34.5005,8.26838,0.832443,460.031,0.88416,0.985952
Computing\000_0573.JPG,Computing\000_0573-B.jpg,Computing\000_0573-R.jpg,1130.81,Computing\000_0573-g32.jpg,(723,769),392,12903.5,433.891,13221,417.984,55.4437,152.411,114.034,0.748203,6,0.861304,1.07751,0.96334,0.975985,5.16367,908.929,882.266,0.658585,33.4558,0.943014,0.945177
Computing\000_0573.JPG,Computing\000_0573-B.jpg,Computing\000_0573-R.jpg,1130.81,Computing\000_0573-g33.jpg,(944,754),254,6019,279.13,6125.5,280.28,40.7185,95.7549,82,0.856353,5,0.970782,1.01494,1.00412,0.982614,5.94523,38.4346,3.08876,0.836854,566.291,0.947206,0.993032
Computing\000_0573.JPG,Computing\000_0573-B.jpg,Computing\000_0573-R.jpg,1130.81,Computing\000_0573-g34.jpg,(505,754),224,4353.5,246.566,4486,246.643,31.1448,89.9889,64.8445,0.720583,4,0.899873,1.05417,1.00031,0.970464,5.00314,49.6378,24.6064,0.749425,178.18,0.935154,0.976516
Computing\000_0573.JPG,Computing\000_0573-B.jpg,Computing\000_0573-R.jpg,1130.81,Computing\000_0573-g35.jpg,(116,734),279,6131.5,300.401,6257,301.999,33.541,115.261,66.923,0.580624,4,0.853832,1.08222,1.00532,0.979942,5.35445,47.5977,18.9276,0.673865,279.738,0.848538,0.985638
Computing\000_0573.JPG,Computing\000_0573-B.jpg,Computing\000_0573-R.jpg,1130.81,Computing\000_0573-g36.jpg,(813,727),261,6096,287.266,6214,288.389,39.6232,106.283,80.8076,0.760309,5,0.928296,1.0379,1.00391,0.981011,5.26813,41.2756,13.5225,0.735747,276.859,0.880758,0.980389
Computing\000_0573.JPG,Computing\000_0573-B.jpg,Computing\000_0573-R.jpg,1130.81,Computing\000_0573-g37.jpg,(406,717),249,5038,265.109,5184,260.393,36.8782,88.4816,72,0.813728,4,0.900779,1.05364,0.982209,0.971836,4.7021,96.6593,74.5496,0.696751,270.862,0.871079,0.955817
Computing\000_0573.JPG,Computing\000_0573-B.jpg,Computing\000_0573-R.jpg,1130.81,Computing\000_0573-g38.jpg,(1080,713),288,7545.5,321.634,7685.5,323.252,41.9762,120.934,85,0.702863,5,0.916586,1.04451,1.00503,0.981784,5.18913,43.1855,16.2584,0.733465,298.036,0.84394,0.980088
Computing\000_0573.JPG,Computing\000_0573-B.jpg,Computing\000_0573-R.jpg,1130.81,Computing\000_0573-g39.jpg,(595,675),299,7075,323.809,7230.5,324.711,38.4838,115.117,86.4739,0.75118,4,0.847925,1.08598,1.00278,0.978494,4.95749,53.7967,29.22,0.659623,257.264,0.769103,0.950871
Computing\000_0573.JPG,Computing\000_0573-B.jpg,Computing\000_0573-R.jpg,1130.81,Computing\000_0573-g40.jpg,(959,656),238,5329.5,261.416,5423.5,263.116,39.3573,89.1572,78.4245,0.879621,5,0.980011,1.01015,1.0065,0.982668,5.8426,36.3739,2.23787,0.875103,538.272,0.916347,0.99504
Computing\000_0573.JPG,Computing\000_0573-B.jpg,Computing\000_0573-R.jpg,1130.81,Computing\000_0573-g41.jpg,(693,656),292,6517,308.633,6673.5,309.862,36.0139,119.038,71.842,0.603523,4,0.85975,1.07848,1.00398,0.976549,5.17692,43.1753,16.3747,0.76389,266.875,0.860403,0.982527
Computing\000_0573.JPG,Computing\000_0573-B.jpg,Computing\000_0573-R.jpg,1130.81,Computing\000_0573-g42.jpg,(283,652),373,12082,407.234,12242.5,408.246,49.163,154.263,98.9315,0.641318,5,0.915506,1.04513,1.00249,0.98689,5.47008,41.0284,11.1067,0.819565,348.037,0.949172,0.991925
Computing\000_0573.JPG,Computing\000_0573-B.jpg,Computing\000_0573-R.jpg,1130.81,Computing\000_0573-g43.jpg,(832,631),233,5313.5,261.653,5410,263.302,38.5876,90.956,76.3675,0.839609,5,0.975305,1.01258,1.0063,0.982163,5.99573,38.9326,2.98383,0.854051,556.645,0.946723,0.995749
Computing\000_0573.JPG,Computing\000_0573-B.jpg,Computing\000_0573-R.jpg,1130.81,Computing\000_0573-g44.jpg,(145,626),249,5720,271.105,5822.5,272.328,40.8167,89.8109,81.3929,0.906269,5,0.977983,1.01119,1.00451,0.982396,5.92451,36.8988,1.79892,0.905788,607.46,0.914665,0.992764
Computing\000_0573.JPG,Computing\000_0573-B.jpg,Computing\000_0573-R.jpg,1130.81,Computing\000_0573-g45.jpg,(438,588),377,12783,413.406,12967.5,414.8,55.3624,145.784,112.996,0.775089,5,0.939916,1.03147,1.00337,0.985772,5.63233,41.4147,9.69151,0.778556,454.635,0.902223,0.985091
Computing\000_0573.JPG,Computing\000_0573-B.jpg,Computing\000_0573-R.jpg,1130.81,Computing\000_0573-g46.jpg,(1085,574),333,10347,367.009,10523,367.102,54.1202,122.691,112,0.912865,6,0.965317,1.01781,1.00025,0.983275,5.61652,40.7596,9.21434,0.78681,436.48,0.924796,0.985541
Computing\000_0573.JPG,Computing\000_0573-B.jpg,Computing\000_0573-R.jpg,1130.81,Computing\000_0573-g47.jpg,(605,563),319,9297.5,354.264,9458,355.831,47.1699,133.929,95.2587,0.711262,5,0.93094,1.03643,1.00442,0.98303,5.70826,44.0232,11.439,0.696419,361.168,0.863665,0.988996
Computing\000_0573.JPG,Computing\000_0573-B.jpg,Computing\000_0573-R.jpg,1130.81,Computing\000_0573-g48.jpg,(952,559),337,8965.5,365.052,9241.5,362.773,41.3038,140.246,82.5901,0.588893,5,0.845424,1.08758,0.993757,0.970135,6.11387,107.636,70.2566,0.747659,85.8052,0.78821,0.978135
Computing\000_0573.JPG,Computing\000_0573-B.jpg,Computing\000_0573-R.jpg,1130.81,Computing\000_0573-g49.jpg,(345,542),308,8257.5,342.423,8395,343.612,41.6773,133.417,83.1817,0.623473,5,0.884978,1.063,1.00347,0.983621,5.78691,51.3079,17.8196,0.772617,233.952,0.813382,0.983721
Computing\000_0573.JPG,Computing\000_0573-B.jpg,Computing\000_0573-R.jpg,1130.81,Computing\000_0573-g50.jpg,(174,522),359,10238.5,393.523,10607.5,381.104,46.4866,144.838,98.2265,0.678183,6,0.830818,1.0971,0.968441,0.965213,6.32393,316.799,276.807,0.625836,48.8206,0.795309,0.944537
Computing\000_0573.JPG,Computing\000_0573-B.jpg,Computing\000_0573-R.jpg,1130.81,Computing\000_0573-g51.jpg,(725,512),313,8446.5,343.272,8652,344.558,44.7214,119.331,101.439,0.850061,5,0.900763,1.05365,1.00375,0.976248,5.30513,46.8612,18.7169,0.70917,288.739,0.835493,0.965615
Computing\000_0573.JPG,Computing\000_0573-B.jpg,Computing\000_0573-R.jpg,1130.81,Computing\000_0573-g52.jpg,(844,476),238,5438.5,267.922,5531.5,268.811,37.6431,92.1358,75.6604,0.821184,5,0.952079,1.02486,1.00332,0.983187,5.53144,38.6642,8.06733,0.775279,390.781,0.878154,0.985264
Computing\000_0573.JPG,Computing\000_0573-B.jpg,Computing\000_0573-R.jpg,1130.81,Computing\000_0573-g53.jpg,(611,430),293,7265,322.6,7529,320.111,42.19,115.849,87.6262,0.756382,6,0.877237,1.06768,0.992286,0.964936,5.74438,170.119,137.121,0.659348,48.1821,0.865579,0.961596
Computing\000_0573.JPG,Computing\000_0573-B.jpg,Computing\000_0573-R.jpg,1130.81,Computing\000_0573-g54.jpg,(936,423),314,7754.5,346.38,8212.5,326.983,43.4166,112.645,92.3964,0.820241,5,0.812193,1.10961,0.944002,0.944231,7.4107,234.468,179.55,0.666106,93.0367,0.8952,0.9127
Computing\000_0573.JPG,Computing\000_0573-B.jpg,Computing\000_0573-R.jpg,1130.81,Computing\000_0573-g55.jpg,(1071,417),363,12354.5,408.739,12549,409.503,52.9245,148.223,107.416,0.72469,6,0.929271,1.03736,1.00187,0.984501,6.00486,46.4441,10.3857,0.837068,468.615,0.843457,0.990077
Computing\000_0573.JPG,Computing\000_0573-B.jpg,Computing\000_0573-R.jpg,1130.81,Computing\000_0573-g56.jpg,(180,413),291,7467,318.511,7601.5,319.75,41,119.151,80,0.671416,5,0.924928,1.03979,1.00389,0.982306,5.87851,43.3162,8.75935,0.786774,409.062,0.888119,0.992088
Computing\000_0573.JPG,Computing\000_0573-B.jpg,Computing\000_0573-R.jpg,1130.81,Computing\000_0573-g57.jpg,(727,406),293,7771,317.075,7897.5,318.335,46.2709,108.706,93,0.855518,5,0.97132,1.01466,1.00397,0.983982,5.55491,38.6076,7.7506,0.786715,389.196,0.923436,0.988868
Computing\000_0573.JPG,Computing\000_0573-B.jpg,Computing\000_0573-R.jpg,1130.81,Computing\000_0573-g58.jpg,(447,405),452,18722,510.368,19006.5,506.484,64.0781,181.32,129.245,0.712798,6,0.903222,1.05221,0.992389,0.985031,6.00587,177.864,141.793,0.781639,51.4784,0.911982,0.977268
Computing\000_0573.JPG,Computing\000_0573-B.jpg,Computing\000_0573-R.jpg,1130.81,Computing\000_0573-g59.jpg,(299,385),404,14532.5,441.51,14753.5,442.106,58.0345,158.66,117.675,0.741683,6,0.936849,1.03315,1.00135,0.985021,5.74035,41.8559,8.90426,0.817391,360.648,0.959323,0.986951
Computing\000_0573.JPG,Computing\000_0573-B.jpg,Computing\000_0573-R.jpg,1130.81,Computing\000_0573-g60.jpg,(381,302),260,5953,285.511,6078.5,286.069,38,106.066,76,0.716535,5,0.917696,1.04388,1.00195,0.979353,5.5685,43.4732,12.4649,0.745093,318.737,0.859649,0.981241
Computing\000_0573.JPG,Computing\000_0573-B.jpg,Computing\000_0573-R.jpg,1130.81,Computing\000_0573-g61.jpg,(479,295),348,10702,389.582,10958.5,390.057,49.2037,142.144,106.475,0.749062,5,0.886088,1.06234,1.00122,0.976594,5.54257,60.1861,29.466,0.661019,278.705,0.833257,0.967468
Computing\000_0573.JPG,Computing\000_0573-B.jpg,Computing\000_0573-R.jpg,1130.81,Computing\000_0573-g62.jpg,(249,291),322,9169,351.88,9329,353.215,44.1814,128.725,89.902,0.698406,5,0.930556,1.03664,1.00379,0.982849,5.74392,42.6024,9.60973,0.83711,425.645,0.931602,0.990098
Computing\000_0573.JPG,Computing\000_0573-B.jpg,Computing\000_0573-R.jpg,1130.81,Computing\000_0573-g63.jpg,(1084,290),305,8992.5,346.712,9167.5,347.783,47.5079,119.708,98.2878,0.821063,5,0.940052,1.03139,1.00309,0.980911,5.5952,45.4399,14.1336,0.787117,300.109,0.894095,0.979289
Computing\000_0573.JPG,Computing\000_0573-B.jpg,Computing\000_0573-R.jpg,1130.81,Computing\000_0573-g64.jpg,(653,285),389,14394,432.541,14570,433.491,62.6817,149.723,127.304,0.850261,6,0.9668,1.01703,1.0022,0.98792,5.76823,39.217,5.94453,0.85717,469.2,0.935824,0.99035
Computing\000_0573.JPG,Computing\000_0573-B.jpg,Computing\000_0573-R.jpg,1130.81,Computing\000_0573-g65.jpg,(125,282),249,5289,274.383,5444.5,274.915,32.9848,101.98,67.2457,0.659398,5,0.882811,1.0643,1.00194,0.971439,5.61693,48.6892,17.1394,0.791342,337.182,0.904718,0.978443
Computing\000_0573.JPG,Computing\000_0573-B.jpg,Computing\000_0573-R.jpg,1130.81,Computing\000_0573-g66.jpg,(935,280),355,11651,394.022,11893.5,393.831,54.5894,135.03,113.736,0.842305,6,0.943046,1.02975,0.999517,0.979611,5.69385,51.2235,18.8036,0.794021,372.871,0.873114,0.978964
Computing\000_0573.JPG,Computing\000_0573-B.jpg,Computing\000_0573-R.jpg,1130.81,Computing\000_0573-g67.jpg,(797,277),274,6049.5,298.651,6276,298.196,32.249,115.732,67.5179,0.583397,5,0.852319,1.08318,0.998477,0.96391,5.12722,50.9778,24.6894,0.824336,337.256,0.917459,0.982672
Computing\000_0573.JPG,Computing\000_0573-B.jpg,Computing\000_0573-R.jpg,1130.81,Computing\000_0573-g68.jpg,(517,260),4456,1.26433e+006,4529.88,1.26927e+006,4444.06,564.087,1568.43,1127.77,0.719045,6,0.774278,1.13645,0.981053,0.99611,5.92512,553.491,518.384,0.673128,17.1378,0.852937,0.897721
